-1	-1
-1	-1
-1	-1
-1	-1
-1	-1
-1	-1
-1	-1
-1	-1
-1	-1
-1	-1
-1	-1
-1	-1
-1	-1
-1	-1
-1	-1
-1	-1
-1	-1
-1	-1
-1	-1
-1	-1
-1	-1
-1	-1
-1	-1
-1	-1
-1	-1
-1	-1
-1	-1
-1	-1
-1	-1
-1	-1
-1	-1
-1	-1
-1	-1
-1	-1
-1	-1
-1	-1
-1	-1
-1	-1
-1	-1
-1	-1
-1	-1
-1	-1
-1	-1
-1	-1
-1	-1
-1	-1
-1	-1
-1	-1
-1	-1
-1	-1
-1	-1
-1	-1
-1	-1
-1	-1
-1	-1
-1	-1
-1	-1
-1	-1
-1	-1
-1	-1
-1	-1
-1	-1
-1	-1
-1	-1
-1	-1
-1	-1
-1	-1
-1	-1
-1	-1
-1	-1
-1	-1
-1	-1
-1	-1
-1	-1
-1	-1
-1	-1
-1	-1
-1	-1
-1	-1
-1	-1
-1	-1
-1	-1
-1	-1
-1	-1
-1	-1
-1	-1
-1	-1
-1	-1
-1	-1
-1	-1
-1	-1
-1	-1
-1	-1
-1	-1
-1	-1
-1	-1
-1	-1
332	417
332	417
331	406
331	406
331	385
331	385
331	362
331	362
330	338
330	338
326	315
326	315
321	291
321	291
317	276
317	276
314	262
314	262
314	262
310	247
310	247
306	232
306	232
302	215
302	215
298	200
298	200
294	185
294	185
294	185
293	170
293	170
289	155
289	155
288	140
288	140
286	126
286	126
-1	-1
-1	-1
269	93
269	93
269	93
268	81
268	81
266	66
266	66
263	51
263	51
259	37
259	37
255	23
255	23
252	27
252	27
249	37
249	37
246	47
246	47
243	54
243	54
240	61
240	61
236	68
236	68
233	74
233	74
233	74
230	81
230	81
230	81
227	88
227	88
224	94
224	94
221	99
221	99
219	102
219	102
216	119
216	119
213	122
213	122
210	126
210	126
208	132
208	132
206	139
206	139
205	145
205	145
205	145
204	152
204	152
204	159
204	159
188	165
188	165
187	171
187	171
186	178
186	178
185	183
185	183
185	181
185	181
185	180
185	180
185	178
185	177
185	177
185	176
185	176
185	174
185	174
185	174
185	174
185	173
185	173
185	172
185	172
185	171
185	171
185	169
185	169
185	169
185	169
185	168
185	168
186	167
186	167
185	166
185	166
185	164
185	164
185	162
185	162
185	160
185	160
185	160
185	158
185	158
187	156
187	156
-1	-1
-1	-1
-1	-1
-1	-1
-1	-1
-1	-1
-1	-1
-1	-1
184	162
184	162
184	162
184	161
184	161
184	160
184	160
183	160
183	160
183	160
183	160
183	159
183	159
183	159
182	156
182	156
180	155
180	155
170	154
170	154
160	154
160	154
152	154
152	154
143	154
143	154
134	155
134	155
130	154
130	154
130	153
130	153
130	152
130	152
130	150
130	150
130	150
130	149
130	149
130	148
130	148
131	147
131	147
131	146
131	146
132	146
132	146
132	146
133	145
133	145
134	145
134	145
135	145
135	145
136	145
136	145
137	145
137	145
138	147
138	147
139	147
139	147
139	147
141	147
141	147
142	148
142	148
143	149
143	149
145	149
145	149
146	151
146	151
148	153
148	153
149	154
149	154
151	156
151	156
153	158
153	158
154	160
154	160
156	162
156	162
156	162
158	164
158	164
160	166
160	166
160	166
162	168
162	168
163	170
163	170
165	173
165	173
166	175
166	175
167	177
168	178
168	178
168	181
168	181
169	182
169	182
169	184
169	184
171	186
171	186
171	186
173	188
173	188
175	190
175	190
176	193
176	193
176	196
176	196
177	199
177	199
178	204
178	204
142	208
142	208
89	210
89	210
42	212
42	212
42	212
-1	-1
-1	-1
-1	-1
-1	-1
-1	-1
-1	-1
-1	-1
-1	-1
-1	-1
-1	-1
-1	-1
-1	-1
-1	-1
-1	-1
-1	-1
-1	-1
-1	-1
-1	-1
-1	-1
-1	-1
-1	-1
-1	-1
-1	-1
-1	-1
-1	-1
-1	-1
-1	-1
-1	-1
-1	-1
-1	-1
-1	-1
-1	-1
-1	-1
-1	-1
-1	-1
-1	-1
-1	-1
-1	-1
-1	-1
-1	-1
-1	-1
-1	-1
-1	-1
-1	-1
-1	-1
-1	-1
-1	-1
-1	-1
-1	-1
-1	-1
-1	-1
-1	-1
-1	-1
-1	-1
-1	-1
-1	-1
-1	-1
-1	-1
-1	-1
-1	-1
-1	-1
-1	-1
-1	-1
-1	-1
-1	-1
-1	-1
-1	-1
-1	-1
-1	-1
-1	-1
-1	-1
-1	-1
-1	-1
-1	-1
-1	-1
-1	-1
-1	-1
-1	-1
-1	-1
-1	-1
-1	-1
-1	-1
-1	-1
-1	-1
-1	-1
-1	-1
-1	-1
-1	-1
-1	-1
-1	-1
-1	-1
-1	-1
-1	-1
-1	-1
-1	-1
-1	-1
-1	-1
-1	-1
-1	-1
-1	-1
-1	-1
-1	-1
-1	-1
-1	-1
-1	-1
-1	-1
-1	-1
-1	-1
-1	-1
-1	-1
-1	-1
-1	-1
-1	-1
-1	-1
-1	-1
-1	-1
-1	-1
-1	-1
-1	-1
-1	-1
-1	-1
-1	-1
-1	-1
-1	-1
-1	-1
-1	-1
-1	-1
-1	-1
-1	-1
-1	-1
-1	-1
-1	-1
-1	-1
-1	-1
-1	-1
-1	-1
-1	-1
-1	-1
-1	-1
-1	-1
-1	-1
-1	-1
-1	-1
-1	-1
-1	-1
-1	-1
-1	-1
-1	-1
-1	-1
-1	-1
-1	-1
-1	-1
-1	-1
-1	-1
-1	-1
-1	-1
-1	-1
-1	-1
-1	-1
-1	-1
-1	-1
-1	-1
-1	-1
-1	-1
-1	-1
-1	-1
-1	-1
-1	-1
-1	-1
-1	-1
-1	-1
-1	-1
-1	-1
-1	-1
-1	-1
-1	-1
-1	-1
-1	-1
-1	-1
-1	-1
-1	-1
-1	-1
-1	-1
-1	-1
-1	-1
-1	-1
-1	-1
-1	-1
-1	-1
-1	-1
-1	-1
-1	-1
-1	-1
-1	-1
-1	-1
-1	-1
-1	-1
-1	-1
-1	-1
-1	-1
-1	-1
-1	-1
-1	-1
-1	-1
-1	-1
318	414
318	414
315	392
315	392
311	363
311	363
308	334
308	334
308	334
306	305
306	305
302	287
302	287
299	269
299	269
297	251
297	251
294	228
294	228
294	228
291	209
291	209
289	190
289	190
-1	-1
-1	-1
-1	-1
-1	-1
270	132
270	132
269	118
269	118
267	93
267	93
265	76
265	76
262	58
262	58
258	39
258	39
254	21
254	21
250	30
250	30
250	30
247	44
247	44
244	56
244	56
241	65
241	65
241	65
237	72
237	72
234	78
234	78
230	84
230	84
227	90
227	90
229	88
229	88
232	86
232	86
233	84
233	84
235	83
235	83
235	83
237	81
237	81
240	79
240	79
242	78
242	78
244	77
244	77
246	76
246	76
248	76
248	76
250	74
250	74
252	73
252	73
254	73
254	73
256	72
256	72
258	71
258	71
259	69
259	69
259	69
259	69
260	68
260	68
262	66
262	66
264	64
264	64
266	63
266	63
266	62
266	62
265	62
265	62
265	61
265	61
290	58
290	58
312	47
312	47
340	35
340	35
374	25
374	25
374	25
396	23
396	23
424	31
424	31
455	35
455	35
478	39
478	39
505	44
505	44
538	54
538	54
559	54
559	54
586	59
586	59
-1	-1
-1	-1
-1	-1
601	73
601	73
588	80
588	80
568	88
568	88
568	88
547	97
547	97
539	103
539	103
-1	-1
-1	-1
512	118
512	118
504	124
504	124
494	131
494	131
484	138
484	138
474	145
474	145
464	151
464	151
456	158
456	158
-1	-1
-1	-1
-1	-1
433	171
433	171
424	177
424	177
-1	-1
-1	-1
458	181
458	181
498	180
498	180
498	180
543	176
543	176
585	174
585	174
624	170
-1	-1
-1	-1
-1	-1
-1	-1
-1	-1
-1	-1
-1	-1
-1	-1
-1	-1
-1	-1
-1	-1
-1	-1
-1	-1
-1	-1
-1	-1
-1	-1
-1	-1
-1	-1
-1	-1
-1	-1
-1	-1
-1	-1
-1	-1
-1	-1
-1	-1
-1	-1
-1	-1
-1	-1
-1	-1
-1	-1
-1	-1
-1	-1
-1	-1
-1	-1
-1	-1
-1	-1
-1	-1
-1	-1
-1	-1
-1	-1
-1	-1
-1	-1
-1	-1
-1	-1
-1	-1
-1	-1
-1	-1
-1	-1
-1	-1
-1	-1
-1	-1
-1	-1
-1	-1
-1	-1
-1	-1
-1	-1
-1	-1
-1	-1
-1	-1
-1	-1
-1	-1
-1	-1
-1	-1
-1	-1
-1	-1
-1	-1
-1	-1
-1	-1
-1	-1
-1	-1
632	174
632	174
-1	-1
-1	-1
631	172
631	172
631	170
631	170
632	170
632	170
632	170
-1	-1
-1	-1
-1	-1
-1	-1
-1	-1
-1	-1
-1	-1
-1	-1
-1	-1
-1	-1
-1	-1
633	181
633	181
-1	-1
-1	-1
-1	-1
-1	-1
-1	-1
-1	-1
-1	-1
-1	-1
-1	-1
-1	-1
-1	-1
-1	-1
-1	-1
-1	-1
-1	-1
-1	-1
-1	-1
-1	-1
-1	-1
-1	-1
-1	-1
-1	-1
-1	-1
-1	-1
-1	-1
-1	-1
-1	-1
-1	-1
-1	-1
-1	-1
-1	-1
-1	-1
-1	-1
-1	-1
-1	-1
-1	-1
-1	-1
-1	-1
-1	-1
-1	-1
-1	-1
-1	-1
-1	-1
-1	-1
-1	-1
-1	-1
-1	-1
-1	-1
-1	-1
-1	-1
-1	-1
-1	-1
-1	-1
-1	-1
-1	-1
-1	-1
-1	-1
-1	-1
-1	-1
-1	-1
-1	-1
-1	-1
-1	-1
-1	-1
-1	-1
-1	-1
-1	-1
-1	-1
-1	-1
-1	-1
-1	-1
-1	-1
-1	-1
-1	-1
-1	-1
-1	-1
-1	-1
-1	-1
-1	-1
-1	-1
-1	-1
-1	-1
-1	-1
-1	-1
-1	-1
-1	-1
-1	-1
-1	-1
-1	-1
-1	-1
-1	-1
-1	-1
-1	-1
-1	-1
-1	-1
-1	-1
-1	-1
-1	-1
-1	-1
-1	-1
-1	-1
-1	-1
311	417
311	417
308	394
308	394
305	361
305	361
303	328
303	328
303	328
301	296
301	296
299	267
299	267
299	267
296	246
296	246
293	224
293	224
294	199
294	199
290	178
290	178
288	155
288	155
-1	-1
-1	-1
286	110
286	110
-1	-1
-1	-1
-1	-1
-1	-1
269	42
269	42
269	42
267	20
267	20
266	29
266	29
266	40
266	40
264	53
264	53
262	56
262	56
-1	-1
-1	-1
257	74
257	74
257	74
255	75
253	78
253	78
254	80
254	80
254	80
253	87
253	87
253	87
-1	-1
-1	-1
-1	-1
-1	-1
-1	-1
-1	-1
253	80
253	80
253	84
253	84
254	86
254	86
256	78
256	78
257	70
257	70
259	63
259	63
260	55
260	55
261	47
261	47
263	39
263	39
263	39
264	32
264	32
265	27
265	27
265	21
265	21
266	21
266	21
267	24
267	24
267	27
267	27
267	30
267	30
267	30
268	35
268	35
268	38
268	38
268	41
268	41
268	49
268	49
268	49
268	52
268	52
269	54
269	54
-1	-1
-1	-1
-1	-1
-1	-1
291	73
291	73
312	76
312	76
336	79
336	79
-1	-1
-1	-1
384	84
384	84
409	87
409	87
421	90
421	90
423	91
423	91
423	91
425	92
425	92
430	95
430	95
430	96
430	96
431	96
431	96
431	96
430	98
430	98
430	99
430	99
430	100
430	100
430	101
430	101
429	102
429	102
429	103
429	103
429	104
429	104
429	104
428	105
428	105
428	105
428	105
427	106
427	106
427	108
427	108
426	109
426	109
426	110
426	110
426	112
426	112
425	114
425	114
429	135
429	135
433	166
433	166
435	196
435	196
437	222
437	222
437	222
437	222
-1	-1
-1	-1
454	276
454	276
456	300
456	300
460	318
460	318
470	308
470	308
480	297
480	297
488	289
488	289
497	283
497	283
506	276
506	276
514	269
514	269
518	262
518	262
537	256
537	256
537	256
541	250
541	250
549	244
549	244
558	237
558	237
566	231
566	231
575	225
575	225
584	218
584	218
591	212
591	212
598	205
598	205
598	205
603	195
603	195
622	190
622	190
623	185
623	185
623	185
626	176
626	176
-1	-1
-1	-1
-1	-1
-1	-1
-1	-1
-1	-1
-1	-1
-1	-1
-1	-1
-1	-1
-1	-1
-1	-1
-1	-1
-1	-1
632	173
632	173
630	174
630	174
631	174
631	174
630	177
630	177
630	177
630	177
630	177
631	178
631	178
633	179
633	179
-1	-1
-1	-1
-1	-1
-1	-1
-1	-1
-1	-1
-1	-1
-1	-1
-1	-1
-1	-1
-1	-1
-1	-1
-1	-1
-1	-1
-1	-1
-1	-1
-1	-1
-1	-1
-1	-1
-1	-1
-1	-1
-1	-1
-1	-1
-1	-1
-1	-1
-1	-1
-1	-1
-1	-1
-1	-1
-1	-1
-1	-1
-1	-1
-1	-1
-1	-1
-1	-1
-1	-1
-1	-1
-1	-1
-1	-1
-1	-1
-1	-1
-1	-1
-1	-1
-1	-1
-1	-1
-1	-1
-1	-1
-1	-1
-1	-1
-1	-1
-1	-1
-1	-1
-1	-1
-1	-1
-1	-1
-1	-1
-1	-1
-1	-1
-1	-1
-1	-1
-1	-1
-1	-1
-1	-1
-1	-1
-1	-1
-1	-1
-1	-1
-1	-1
-1	-1
-1	-1
-1	-1
-1	-1
-1	-1
-1	-1
-1	-1
-1	-1
-1	-1
-1	-1
-1	-1
-1	-1
-1	-1
-1	-1
-1	-1
-1	-1
-1	-1
-1	-1
-1	-1
-1	-1
-1	-1
-1	-1
-1	-1
-1	-1
-1	-1
-1	-1
-1	-1
-1	-1
-1	-1
-1	-1
-1	-1
-1	-1
-1	-1
-1	-1
-1	-1
-1	-1
-1	-1
-1	-1
-1	-1
-1	-1
-1	-1
-1	-1
-1	-1
-1	-1
-1	-1
-1	-1
-1	-1
-1	-1
-1	-1
-1	-1
-1	-1
-1	-1
-1	-1
-1	-1
-1	-1
-1	-1
-1	-1
-1	-1
-1	-1
-1	-1
-1	-1
-1	-1
-1	-1
-1	-1
-1	-1
-1	-1
-1	-1
-1	-1
-1	-1
-1	-1
-1	-1
-1	-1
-1	-1
-1	-1
-1	-1
-1	-1
-1	-1
-1	-1
633	195
633	195
-1	-1
-1	-1
-1	-1
-1	-1
-1	-1
-1	-1
-1	-1
-1	-1
-1	-1
-1	-1
-1	-1
-1	-1
335	4
335	4
330	26
330	26
330	26
324	57
324	57
319	87
319	87
317	100
317	100
314	113
314	113
311	128
311	128
311	128
308	144
308	144
306	159
306	159
303	173
303	173
300	190
300	190
299	203
299	203
295	225
295	225
292	239
292	239
292	239
290	255
290	255
289	271
289	271
288	284
288	284
293	306
293	306
320	327
320	327
347	348
347	348
374	367
374	367
393	380
393	380
412	371
412	371
428	357
428	357
-1	-1
-1	-1
-1	-1
467	339
467	339
485	330
485	330
485	330
495	323
495	323
499	316
499	316
502	307
502	307
508	300
508	300
514	293
514	293
517	285
517	285
-1	-1
-1	-1
537	273
537	273
540	264
540	264
544	258
544	258
544	258
550	252
550	252
556	243
556	243
562	237
562	237
568	231
568	231
573	223
573	223
579	217
579	217
585	210
585	210
591	203
591	203
596	197
596	197
599	190
599	190
-1	-1
-1	-1
-1	-1
-1	-1
622	178
622	178
621	169
621	169
622	163
622	163
624	159
624	159
-1	-1
-1	-1
-1	-1
-1	-1
-1	-1
-1	-1
-1	-1
-1	-1
-1	-1
-1	-1
633	181
633	181
-1	-1
-1	-1
-1	-1
-1	-1
-1	-1
-1	-1
-1	-1
-1	-1
-1	-1
-1	-1
-1	-1
-1	-1
-1	-1
-1	-1
-1	-1
-1	-1
-1	-1
-1	-1
-1	-1
-1	-1
-1	-1
-1	-1
-1	-1
-1	-1
-1	-1
-1	-1
-1	-1
-1	-1
-1	-1
-1	-1
-1	-1
-1	-1
-1	-1
-1	-1
-1	-1
-1	-1
-1	-1
-1	-1
-1	-1
-1	-1
-1	-1
-1	-1
-1	-1
-1	-1
-1	-1
-1	-1
-1	-1
-1	-1
-1	-1
-1	-1
-1	-1
-1	-1
-1	-1
-1	-1
-1	-1
-1	-1
-1	-1
-1	-1
-1	-1
-1	-1
-1	-1
-1	-1
-1	-1
-1	-1
-1	-1
-1	-1
-1	-1
-1	-1
-1	-1
-1	-1
-1	-1
-1	-1
-1	-1
-1	-1
-1	-1
-1	-1
-1	-1
-1	-1
-1	-1
-1	-1
-1	-1
-1	-1
-1	-1
-1	-1
-1	-1
-1	-1
-1	-1
-1	-1
-1	-1
-1	-1
-1	-1
-1	-1
-1	-1
-1	-1
-1	-1
-1	-1
-1	-1
-1	-1
-1	-1
-1	-1
-1	-1
-1	-1
-1	-1
-1	-1
-1	-1
-1	-1
-1	-1
-1	-1
-1	-1
-1	-1
-1	-1
-1	-1
-1	-1
-1	-1
-1	-1
-1	-1
-1	-1
-1	-1
-1	-1
-1	-1
-1	-1
-1	-1
-1	-1
-1	-1
-1	-1
-1	-1
-1	-1
-1	-1
-1	-1
-1	-1
-1	-1
-1	-1
-1	-1
-1	-1
-1	-1
-1	-1
-1	-1
-1	-1
-1	-1
-1	-1
-1	-1
-1	-1
-1	-1
-1	-1
-1	-1
-1	-1
-1	-1
-1	-1
-1	-1
-1	-1
-1	-1
-1	-1
-1	-1
-1	-1
-1	-1
-1	-1
-1	-1
-1	-1
-1	-1
-1	-1
-1	-1
-1	-1
-1	-1
-1	-1
-1	-1
-1	-1
-1	-1
-1	-1
-1	-1
-1	-1
-1	-1
633	192
633	192
-1	-1
-1	-1
-1	-1
-1	-1
-1	-1
-1	-1
-1	-1
-1	-1
-1	-1
-1	-1
-1	-1
-1	-1
-1	-1
-1	-1
-1	-1
-1	-1
-1	-1
-1	-1
-1	-1
-1	-1
633	183
633	183
632	181
321	10
321	10
319	44
319	44
319	44
317	78
317	78
315	99
315	99
314	117
314	117
313	137
313	137
312	155
312	155
311	175
311	175
310	193
310	193
308	213
308	213
309	231
309	231
306	250
306	250
305	270
305	270
304	288
304	288
304	288
306	309
306	309
302	327
302	327
300	346
300	346
299	363
299	363
299	363
300	385
300	385
-1	-1
298	360
298	360
298	346
298	346
297	337
297	337
296	329
296	329
295	321
295	321
295	321
296	317
296	317
294	314
294	314
295	297
295	297
292	292
292	292
292	286
292	286
291	279
291	279
290	273
290	273
290	267
290	267
289	260
289	260
290	256
290	256
288	254
288	254
-1	-1
-1	-1
-1	-1
-1	-1
292	233
292	233
296	228
296	228
331	229
331	229
349	236
349	236
371	242
371	242
385	246
385	246
401	254
401	254
419	261
419	261
434	267
434	267
455	274
455	274
470	281
470	281
470	281
486	287
486	287
503	294
503	294
518	299
518	299
539	307
539	307
556	314
556	314
573	320
573	320
588	327
588	327
-1	-1
-1	-1
619	341
619	341
600	347
600	347
600	347
589	353
589	353
580	357
580	357
580	357
572	363
572	363
563	366
563	366
554	369
554	369
546	373
546	373
539	378
539	378
-1	-1
-1	-1
514	380
514	380
509	383
509	383
500	382
500	382
491	381
491	381
482	380
482	380
474	376
474	376
474	376
465	372
465	372
458	369
458	369
-1	-1
-1	-1
-1	-1
435	357
435	357
434	355
434	355
434	350
434	350
434	346
434	346
434	342
434	342
434	336
434	336
434	333
434	333
433	328
433	328
433	328
433	322
433	322
436	309
436	309
452	296
452	296
454	282
454	282
456	271
456	271
460	258
460	258
464	246
464	246
469	234
469	234
474	221
474	221
478	209
478	209
482	197
482	197
487	184
487	184
487	184
487	184
491	172
491	172
496	160
496	160
500	147
500	147
504	136
504	136
509	124
509	124
513	111
513	111
516	100
516	100
518	89
518	89
-1	-1
-1	-1
-1	-1
-1	-1
540	52
540	52
540	52
542	41
542	41
546	30
546	30
549	20
549	20
553	27
553	27
553	35
553	35
555	42
555	42
557	48
557	48
559	55
559	55
559	63
559	63
559	63
560	70
560	78
560	78
559	85
559	85
559	85
559	85
559	93
559	93
558	101
558	101
557	105
557	105
557	121
557	121
556	125
556	125
555	132
555	132
554	140
554	140
554	148
554	148
552	155
552	155
551	163
551	163
550	170
550	170
550	170
549	177
549	177
547	185
547	185
546	192
546	192
544	198
544	198
543	205
543	205
542	212
542	212
541	218
541	218
541	218
540	226
540	226
539	232
539	232
538	236
538	236
513	246
513	246
464	249
464	249
464	249
-1	-1
-1	-1
-1	-1
-1	-1
-1	-1
-1	-1
-1	-1
-1	-1
-1	-1
-1	-1
-1	-1
-1	-1
-1	-1
-1	-1
-1	-1
-1	-1
-1	-1
-1	-1
-1	-1
-1	-1
-1	-1
-1	-1
-1	-1
-1	-1
-1	-1
-1	-1
-1	-1
-1	-1
-1	-1
-1	-1
-1	-1
-1	-1
-1	-1
-1	-1
453	268
453	268
453	267
452	267
452	267
453	270
453	270
453	270
453	270
453	270
453	270
453	272
453	272
453	272
453	273
453	273
453	271
453	271
453	272
453	272
453	273
453	273
453	271
453	271
-1	-1
-1	-1
452	272
452	272
-1	-1
-1	-1
438	236
438	236
437	218
437	218
437	203
437	203
437	203
436	189
436	189
436	189
-1	-1
-1	-1
435	154
435	154
435	142
435	142
434	126
434	126
434	111
434	111
433	97
433	97
433	82
432	67
432	67
418	77
418	77
402	85
402	85
394	91
394	91
394	91
395	93
395	93
395	96
395	96
397	99
397	99
398	101
398	101
399	103
399	103
401	106
401	106
403	108
403	108
404	110
404	110
405	112
405	112
406	114
406	114
406	114
407	117
407	117
407	117
408	119
408	119
410	119
410	119
412	120
412	120
414	122
414	122
417	123
417	123
417	137
417	137
418	137
418	137
418	138
418	138
419	136
419	136
420	138
420	138
421	141
421	141
422	142
422	142
422	142
423	144
423	144
424	146
424	146
425	148
425	148
426	150
426	150
427	152
427	152
428	153
428	153
429	154
429	154
429	154
430	154
430	154
432	154
432	154
433	155
433	155
433	157
433	157
433	157
-1	-1
-1	-1
-1	-1
-1	-1
458	169
458	169
476	170
476	170
501	171
501	171
511	173
511	173
510	176
510	176
511	180
511	180
511	182
511	182
511	183
511	183
510	186
510	186
509	188
509	188
509	188
508	189
508	189
507	191
507	191
504	194
504	194
504	194
501	195
501	197
501	197
501	197
500	199
500	199
500	199
500	199
498	201
498	201
497	203
497	203
495	204
495	204
478	213
478	213
453	226
453	226
453	226
418	240
418	240
392	251
392	251
372	261
372	261
345	274
345	274
322	284
322	284
299	295
299	295
293	304
293	304
296	312
296	312
298	320
298	320
299	328
299	328
300	335
300	335
300	335
301	343
301	343
301	343
302	351
302	351
303	358
303	358
304	366
304	366
305	373
305	373
306	380
306	380
307	382
307	382
307	378
307	378
308	374
308	374
309	370
309	370
310	366
310	366
310	360
310	360
310	360
311	355
311	355
312	351
312	351
313	345
313	345
313	340
313	340
314	335
314	335
315	330
315	330
315	326
315	326
315	326
316	321
316	316
316	316
316	316
317	312
317	312
317	308
317	308
317	308
318	303
318	303
318	299
318	299
319	294
319	294
319	289
319	289
320	285
320	285
320	281
320	281
321	276
321	276
321	272
321	272
321	267
321	267
322	264
322	264
322	260
322	260
322	254
322	254
322	254
323	252
323	252
323	248
323	248
323	243
323	243
321	239
321	239
324	235
324	235
324	232
324	232
324	232
324	228
324	228
324	224
324	224
324	220
324	220
324	216
324	216
324	212
324	212
324	212
324	209
324	209
324	205
324	205
324	201
324	201
324	198
324	198
325	195
325	195
325	191
325	191
325	187
325	187
325	184
325	184
325	180
325	180
324	176
324	176
324	173
324	173
324	170
324	170
324	170
324	167
324	167
324	164
324	164
323	161
323	161
323	161
323	158
323	158
322	156
322	156
321	153
321	153
321	150
321	150
320	146
320	146
320	143
320	143
320	140
320	140
320	136
320	136
320	136
320	133
320	133
320	130
320	130
321	128
321	128
321	125
321	125
322	122
322	122
322	120
322	120
323	118
323	118
323	112
323	112
324	109
324	109
324	106
324	106
324	106
324	103
324	103
324	103
324	101
324	101
324	99
324	99
324	97
324	97
324	95
324	95
324	93
324	93
324	91
324	91
325	89
325	89
325	87
325	87
325	85
325	85
325	83
325	83
325	81
325	81
325	81
325	79
325	79
326	76
326	76
326	74
326	74
326	72
326	72
327	70
327	70
327	69
327	69
328	67
328	67
328	66
328	66
329	65
329	65
329	65
329	63
329	63
329	62
329	62
329	60
329	60
329	60
329	59
329	59
329	57
329	57
329	57
329	57
329	56
329	56
329	56
329	56
329	56
329	56
330	56
330	56
330	57
330	57
330	58
330	58
329	58
329	58
322	62
322	62
322	62
313	66
313	66
304	71
304	71
295	75
295	75
289	80
289	80
288	83
288	83
288	83
287	88
287	88
286	93
286	93
-1	-1
-1	-1
270	101
270	101
269	112
269	112
267	125
267	125
265	136
265	136
265	136
263	148
263	148
261	159
261	159
263	161
263	161
264	162
264	162
266	176
266	176
267	178
267	178
268	181
268	181
269	184
269	184
270	189
270	189
270	189
270	189
270	185
270	185
270	182
270	182
270	182
270	182
270	178
270	178
270	175
270	175
270	172
270	172
270	170
270	170
269	168
269	168
269	166
269	166
269	164
269	164
269	162
269	162
268	160
268	160
268	158
268	158
267	155
267	155
267	155
267	156
267	156
-1	-1
-1	-1
266	141
266	141
265	137
265	137
291	140
291	140
315	140
315	140
343	139
343	139
339	138
339	138
332	136
332	136
329	136
329	136
326	134
326	134
326	134
325	132
325	132
325	132
323	130
323	130
322	127
322	127
321	124
321	124
319	123
319	123
318	121
318	121
317	119
317	119
315	118
315	118
314	116
314	116
313	116
313	116
311	114
311	114
310	112
310	112
310	112
309	111
309	111
308	108
308	108
307	105
307	105
306	104
306	104
306	102
306	102
305	100
305	100
304	99
304	99
304	99
303	98
303	98
303	97
303	97
302	97
302	97
301	97
301	97
301	96
301	96
301	96
300	95
300	95
300	93
300	93
300	91
300	91
300	89
300	89
300	87
300	87
300	86
300	86
300	85
300	85
302	87
302	87
304	92
304	92
306	98
306	98
308	103
308	103
308	103
311	107
311	107
313	111
313	111
315	115
315	115
315	115
317	118
317	118
320	123
320	123
322	126
322	126
325	130
325	130
327	135
327	135
329	139
329	139
332	143
332	143
334	148
334	148
336	153
336	153
336	153
338	157
338	157
340	160
340	160
342	164
342	164
344	167
344	167
346	170
346	170
348	174
348	174
349	176
349	180
349	180
351	186
351	186
340	190
340	190
340	190
321	194
321	194
321	194
305	197
305	197
292	197
292	197
-1	-1
-1	-1
255	214
255	214
238	210
238	210
224	212
224	212
209	216
209	216
187	220
187	220
176	222
176	222
160	226
160	226
143	230
143	230
127	233
127	233
127	233
-1	-1
-1	-1
95	239
95	239
80	241
80	241
64	244
64	244
49	247
49	247
42	248
42	248
44	249
44	249
44	249
46	249
46	249
49	251
49	251
52	251
52	251
55	253
55	253
55	253
57	253
57	253
60	254
60	254
63	255
63	255
66	256
66	256
69	256
69	256
71	256
71	256
74	255
74	255
76	256
76	256
78	257
78	257
80	256
80	256
82	256
82	256
83	256
83	256
83	256
85	256
85	256
87	256
87	256
88	255
88	255
89	255
89	255
91	254
91	254
93	252
93	252
93	252
94	250
94	250
96	252
96	252
-1	-1
-1	-1
97	244
97	244
99	245
99	245
99	245
99	245
99	245
100	245
100	245
101	245
101	245
101	244
101	244
101	244
101	244
102	243
102	243
102	242
102	242
102	241
102	241
102	240
102	240
102	237
102	237
124	236
124	236
153	234
153	234
153	234
184	232
184	232
219	231
219	231
252	229
252	229
263	212
263	212
263	212
267	194
267	194
265	205
265	205
264	215
264	215
264	225
264	225
259	230
259	230
255	233
255	233
254	238
254	238
254	242
254	242
253	246
253	246
252	251
252	251
251	255
251	255
250	258
250	258
249	262
249	262
248	265
248	265
247	266
247	266
246	270
246	270
246	273
246	273
244	276
244	276
243	279
243	279
243	279
243	279
241	283
241	283
240	286
240	286
238	290
238	290
237	294
237	294
235	297
235	297
234	300
234	300
233	303
233	303
232	305
232	305
231	308
231	308
230	311
230	311
228	313
228	313
226	315
226	315
226	315
225	317
225	317
223	319
223	319
223	335
223	335
213	335
213	335
183	335
183	335
159	340
159	340
134	344
134	344
103	350
103	350
83	353
83	353
83	353
58	355
58	355
-1	-1
-1	-1
-1	-1
-1	-1
-1	-1
51	365
51	365
68	365
68	365
81	365
81	365
94	364
94	364
102	363
102	363
123	363
123	363
128	362
128	362
138	360
138	360
148	357
148	357
158	355
158	355
169	353
169	353
169	353
180	352
180	352
187	350
187	350
207	346
207	346
212	346
212	346
222	347
222	347
222	347
236	342
236	342
238	344
238	344
245	346
245	346
251	348
251	348
258	351
258	351
263	354
263	354
263	354
262	354
262	354
262	356
262	356
262	358
262	358
261	359
261	359
262	360
262	360
262	361
262	361
261	361
261	361
261	361
261	361
261	360
261	360
260	359
260	359
259	358
259	358
257	357
257	357
257	357
256	356
256	356
256	356
255	354
253	353
253	353
253	353
252	352
252	352
251	352
251	352
249	351
249	351
248	347
248	347
246	347
246	347
245	346
245	346
245	343
245	343
243	342
243	342
243	342
242	340
242	340
241	338
241	338
240	337
240	337
238	336
238	336
237	335
237	335
235	334
235	334
234	332
234	332
232	331
232	331
232	330
232	330
232	330
230	328
229	326
229	326
229	326
227	321
227	321
227	321
-1	-1
-1	-1
210	319
210	319
181	309
181	309
162	299
162	299
140	292
140	292
122	284
122	284
95	279
95	279
74	272
74	272
52	266
52	266
-1	-1
-1	-1
39	253
39	253
39	253
46	245
46	245
54	238
54	238
59	231
59	231
65	225
65	225
69	217
69	217
74	212
74	212
78	205
78	205
84	199
84	199
84	199
89	194
89	194
93	187
93	187
97	183
97	183
96	178
96	178
96	178
96	173
96	173
97	170
97	170
98	166
98	166
97	161
97	161
99	160
99	160
99	156
99	156
100	151
100	151
100	149
100	149
102	148
102	148
102	142
102	142
-1	-1
-1	-1
-1	-1
-1	-1
-1	-1
120	144
120	144
120	146
120	146
119	148
119	148
125	143
125	143
125	143
153	142
153	142
181	137
181	137
208	137
208	137
208	137
208	137
206	136
206	136
205	137
205	137
204	138
204	138
204	138
203	137
203	137
-1	-1
-1	-1
187	137
187	137
186	137
186	137
185	136
185	136
185	137
185	137
183	136
183	136
182	136
182	136
182	137
182	137
180	137
180	137
178	137
178	137
178	137
177	139
177	139
174	138
174	138
174	138
172	140
172	140
172	142
172	142
171	144
171	144
170	145
170	145
169	147
169	147
167	148
167	148
166	149
166	149
165	151
165	151
163	153
163	153
163	154
163	154
163	154
162	156
162	156
162	157
162	157
161	159
161	159
160	161
160	161
159	163
159	163
158	165
158	165
157	167
157	167
156	168
156	168
155	170
155	170
155	170
155	172
155	172
154	173
154	173
154	173
153	174
153	174
152	177
152	177
151	179
151	179
150	181
150	181
149	184
149	184
148	185
148	185
147	187
147	187
146	190
146	190
145	192
145	192
144	194
144	194
143	196
143	196
141	197
141	197
141	197
140	199
140	199
140	202
140	202
139	204
139	204
138	205
138	205
138	207
138	207
137	210
137	210
156	210
156	210
183	208
183	208
183	208
208	206
208	206
210	202
210	202
210	197
210	197
211	191
211	191
211	191
212	186
212	181
213	176
214	171
214	166
215	161
216	157
216	152
217	147
217	143
217	143
217	137
217	137
217	137
217	132
217	132
217	128
217	128
215	128
215	128
209	140
209	140
209	140
206	151
206	151
204	160
204	160
188	169
188	169
186	177
186	177
183	185
183	185
178	194
178	194
173	201
173	201
166	204
166	204
166	204
160	205
160	205
154	207
154	207
147	208
147	208
141	210
141	210
136	211
136	211
131	210
131	210
126	210
126	210
-1	-1
-1	-1
126	217
126	217
138	218
138	218
151	219
151	219
151	219
151	219
165	220
165	220
177	221
177	221
-1	-1
-1	-1
-1	-1
-1	-1
-1	-1
-1	-1
-1	-1
-1	-1
-1	-1
-1	-1
-1	-1
-1	-1
-1	-1
-1	-1
-1	-1
-1	-1
-1	-1
-1	-1
-1	-1
-1	-1
-1	-1
189	234
189	234
-1	-1
-1	-1
-1	-1
-1	-1
-1	-1
-1	-1
-1	-1
-1	-1
183	228
183	228
168	229
168	229
168	229
145	228
133	229
133	229
133	229
133	230
133	230
133	229
133	229
133	229
134	230
134	230
134	230
134	230
134	230
134	230
135	231
135	231
136	231
136	231
136	230
136	230
139	230
139	230
139	231
139	231
139	233
139	233
139	235
139	235
152	235
152	235
182	236
182	236
182	236
188	244
188	244
-1	-1
-1	-1
204	257
204	257
204	257
205	264
205	273
205	273
205	273
206	281
206	281
206	289
206	289
207	297
208	305
208	305
208	313
208	313
209	321
209	321
209	321
211	328
211	328
212	332
212	332
-1	-1
-1	-1
215	354
215	354
215	359
215	359
216	366
216	366
217	373
217	373
217	379
217	379
217	381
217	381
217	377
217	377
217	374
217	374
216	370
216	370
216	370
216	366
216	366
216	361
216	361
216	358
216	358
216	358
217	356
217	356
-1	-1
-1	-1
215	337
215	337
214	335
214	335
213	331
213	331
213	327
213	327
213	322
213	322
212	317
212	317
212	317
211	313
211	313
210	309
210	309
210	305
210	305
209	301
209	301
209	296
209	296
208	292
208	292
208	287
208	287
207	283
207	283
207	279
207	279
207	274
207	274
206	268
206	268
-1	-1
-1	-1
-1	-1
-1	-1
-1	-1
-1	-1
-1	-1
-1	-1
184	257
184	257
166	254
166	254
146	250
146	250
128	247
128	247
103	245
103	245
91	241
91	241
73	237
73	237
55	234
55	234
47	231
47	231
47	231
48	233
48	233
48	234
48	234
48	233
48	233
49	232
49	232
50	234
50	234
49	235
49	235
50	236
50	236
49	236
49	236
49	236
49	237
49	237
49	239
49	239
49	240
49	240
47	239
47	239
47	239
48	241
48	241
49	241
49	241
47	239
47	239
48	241
48	241
48	242
48	242
47	242
47	242
47	243
47	243
47	244
47	244
46	245
46	245
45	247
45	247
45	247
45	247
46	247
46	247
46	247
47	247
47	247
46	247
46	247
45	248
45	248
45	248
45	248
45	248
45	248
45	248
44	249
44	249
44	249
44	249
44	250
44	250
42	251
42	251
43	253
43	253
64	251
64	251
64	251
90	249
90	249
120	247
120	247
138	247
138	247
159	244
159	244
180	243
180	243
206	244
206	244
206	250
206	250
207	256
207	256
210	260
210	260
214	266
214	266
218	271
218	271
223	277
223	277
223	277
227	283
227	283
227	283
232	288
232	288
235	293
235	293
240	299
240	299
243	303
243	303
248	309
248	309
251	315
251	315
255	320
255	320
259	325
259	325
262	331
262	331
266	337
266	337
266	337
268	342
268	342
270	347
270	347
271	351
271	351
-1	-1
-1	-1
-1	-1
-1	-1
290	366
314	382
314	382
335	374
335	374
352	361
352	361
376	363
376	363
393	371
409	376
409	376
409	376
426	378
426	378
-1	-1
-1	-1
461	382
461	382
476	380
492	377
492	377
508	373
508	373
-1	-1
-1	-1
540	367
540	367
554	362
554	362
569	357
569	357
584	353
584	353
584	353
597	347
597	347
-1	-1
-1	-1
-1	-1
-1	-1
598	326
598	326
590	315
590	315
590	315
581	307
573	299
573	299
566	291
566	291
559	282
559	282
559	282
552	274
552	274
546	266
546	266
544	258
544	258
544	258
543	250
543	250
542	242
542	242
540	234
540	234
539	227
539	227
538	219
538	219
537	211
537	211
537	204
537	204
536	196
536	196
535	189
535	189
535	182
535	182
519	175
519	175
519	175
518	168
518	168
517	161
517	161
514	153
514	153
514	153
514	145
514	138
514	138
514	138
513	130
513	130
511	124
511	124
509	117
509	117
507	110
507	110
504	103
504	103
503	96
503	96
500	90
500	90
500	90
498	83
498	83
495	77
495	77
493	71
490	64
490	64
487	57
487	57
485	51
485	51
482	45
482	45
479	40
479	40
477	35
477	35
474	31
474	31
470	28
470	28
470	28
467	25
467	25
467	25
463	23
463	23
460	21
460	21
458	19
458	19
456	18
456	18
454	17
454	17
-1	-1
-1	-1
-1	-1
-1	-1
434	32
434	32
430	31
430	31
427	28
427	28
424	26
424	26
424	26
422	25
422	25
420	26
420	26
417	26
417	26
414	28
414	28
410	30
410	30
406	30
406	30
401	31
401	31
397	33
397	33
392	35
392	35
392	35
387	37
387	37
383	40
383	40
383	40
378	43
378	43
375	46
375	46
373	47
373	47
-1	-1
-1	-1
-1	-1
-1	-1
352	64
352	64
350	67
350	67
346	72
346	72
342	76
342	76
338	80
338	80
334	84
334	84
330	90
330	90
330	90
325	94
325	94
321	98
321	98
317	103
317	103
313	109
313	109
308	112
308	112
305	116
305	116
305	116
301	121
301	121
297	125
297	125
294	130
294	130
291	135
291	135
289	139
289	139
289	139
288	145
288	145
286	150
286	150
-1	-1
-1	-1
-1	-1
-1	-1
-1	-1
-1	-1
288	173
288	173
320	183
320	183
352	194
352	194
392	204
392	204
427	213
427	213
462	223
462	223
496	234
496	234
496	234
537	245
537	245
564	255
564	255
597	266
597	266
597	266
599	275
599	275
579	279
579	279
556	283
556	283
543	286
543	286
547	291
547	291
549	296
549	296
552	301
552	301
556	305
556	305
558	310
558	310
558	310
560	315
560	315
563	320
563	320
566	324
566	324
568	328
568	328
570	332
570	332
572	335
572	335
572	337
572	337
574	339
574	339
573	341
573	341
572	342
572	342
572	342
571	342
571	342
571	342
568	344
568	344
567	344
567	344
564	343
564	343
561	344
561	344
557	344
557	344
553	342
553	342
549	341
549	341
546	340
546	340
543	339
543	339
540	338
540	338
-1	-1
-1	-1
-1	-1
-1	-1
-1	-1
-1	-1
-1	-1
514	321
514	321
507	321
507	321
465	320
465	320
435	313
435	313
436	301
436	301
436	289
436	289
436	289
-1	-1
-1	-1
-1	-1
-1	-1
452	250
452	250
452	238
452	238
452	238
453	223
453	223
453	210
453	210
453	198
453	198
454	185
454	185
455	172
455	172
455	161
455	161
-1	-1
-1	-1
457	134
457	134
456	124
456	124
457	111
457	111
457	99
457	99
457	86
457	86
457	86
458	73
458	73
458	61
458	61
459	49
459	49
459	49
463	39
461	25
461	25
461	25
462	21
462	21
464	27
464	27
466	39
466	39
465	44
465	44
464	49
464	49
465	55
465	55
465	55
466	60
466	60
466	65
466	65
467	71
467	71
468	77
468	77
469	83
469	83
469	89
469	89
470	95
470	95
470	101
470	101
471	108
471	108
471	113
471	113
472	119
472	119
472	124
472	124
472	124
473	129
473	129
473	129
473	135
473	135
474	141
474	141
474	146
474	146
474	152
474	152
475	158
475	158
475	163
475	163
475	169
475	169
476	175
476	175
476	180
476	180
476	186
476	186
476	186
476	191
476	191
476	196
476	196
476	201
476	201
477	206
477	206
477	211
477	211
477	217
477	217
477	222
477	222
477	228
477	228
477	233
477	233
477	238
477	238
477	244
477	244
477	249
477	249
477	249
477	254
477	254
476	259
476	259
476	263
476	263
476	268
476	268
476	273
476	273
476	278
476	278
476	283
476	283
476	288
476	288
475	293
475	293
475	299
475	299
474	303
474	303
474	303
474	308
474	308
473	313
473	313
473	318
473	318
472	322
472	322
472	326
472	326
471	331
471	331
471	335
471	335
471	339
471	339
470	344
470	344
470	344
469	349
469	349
469	353
469	353
468	357
468	357
468	357
468	361
468	361
467	365
467	365
466	368
466	368
465	370
465	370
465	371
465	371
464	372
464	372
463	373
463	373
462	372
462	372
461	371
461	371
460	370
460	370
459	368
459	368
459	368
458	366
458	366
456	364
456	364
455	361
455	361
454	358
454	358
454	354
454	354
453	351
453	351
452	348
452	348
452	348
452	344
452	344
-1	-1
-1	-1
437	336
437	336
436	332
436	332
435	329
435	329
435	329
434	326
434	326
434	320
434	320
435	309
435	309
435	299
435	299
435	290
435	290
435	280
435	280
436	270
436	270
436	260
436	260
436	251
436	251
437	241
437	241
437	231
437	231
437	231
437	231
438	223
438	223
-1	-1
-1	-1
-1	-1
-1	-1
461	197
461	197
490	192
490	192
515	185
515	185
545	179
545	179
568	173
568	173
592	166
592	166
621	160
621	160
-1	-1
-1	-1
-1	-1
-1	-1
-1	-1
-1	-1
-1	-1
-1	-1
-1	-1
-1	-1
-1	-1
-1	-1
-1	-1
-1	-1
-1	-1
-1	-1
-1	-1
-1	-1
-1	-1
-1	-1
-1	-1
-1	-1
-1	-1
-1	-1
-1	-1
-1	-1
-1	-1
-1	-1
-1	-1
-1	-1
-1	-1
-1	-1
-1	-1
-1	-1
-1	-1
-1	-1
-1	-1
-1	-1
-1	-1
-1	-1
-1	-1
-1	-1
-1	-1
-1	-1
-1	-1
-1	-1
-1	-1
-1	-1
-1	-1
-1	-1
-1	-1
-1	-1
-1	-1
-1	-1
-1	-1
-1	-1
-1	-1
-1	-1
-1	-1
-1	-1
-1	-1
-1	-1
-1	-1
-1	-1
-1	-1
-1	-1
-1	-1
-1	-1
-1	-1
-1	-1
-1	-1
-1	-1
-1	-1
-1	-1
-1	-1
-1	-1
-1	-1
-1	-1
-1	-1
-1	-1
-1	-1
-1	-1
-1	-1
-1	-1
-1	-1
-1	-1
-1	-1
-1	-1
-1	-1
-1	-1
-1	-1
-1	-1
-1	-1
-1	-1
-1	-1
-1	-1
-1	-1
-1	-1
-1	-1
-1	-1
-1	-1
-1	-1
-1	-1
-1	-1
-1	-1
-1	-1
-1	-1
-1	-1
-1	-1
-1	-1
-1	-1
-1	-1
-1	-1
-1	-1
-1	-1
-1	-1
-1	-1
-1	-1
-1	-1
-1	-1
-1	-1
-1	-1
-1	-1
-1	-1
-1	-1
-1	-1
-1	-1
-1	-1
-1	-1
-1	-1
-1	-1
-1	-1
-1	-1
-1	-1
-1	-1
-1	-1
-1	-1
-1	-1
-1	-1
-1	-1
-1	-1
-1	-1
-1	-1
-1	-1
-1	-1
-1	-1
-1	-1
-1	-1
-1	-1
-1	-1
-1	-1
-1	-1
-1	-1
-1	-1
-1	-1
